DBRep_DrawableShape

CASCADE Topology V1, (c) Matra-Datavision
Locations 25
1
              0               0               1            16.5 
              1               0               0          -65.25 
              0               1               0             -49 
1
              1               0               0               0 
              0               1               0               0 
              0               0               1               0 
1
              1               0               0               0 
              0               1               0               0 
              0               0               1               0 
1
              1               0               0               0 
              0               1               0               0 
              0               0               1               0 
1
              1               0               0               0 
              0               1               0               0 
              0               0               1               0 
1
              1               0               0               0 
              0               1               0               0 
              0               0               1               0 
1
              1               0               0               0 
              0               1               0               0 
              0               0               1               0 
2  2 1 3 -1 4 1 5 -1 6 1 7 -1 0
2  7 1 6 -1 5 1 4 -1 3 1 2 -1 0
1
              1               0               0               0 
              0               1               0               0 
              0               0               1               0 
2  10 -1 7 1 6 -1 5 1 4 -1 3 1 2 -1 0
2  10 -1 0
2  4 1 5 -1 6 1 7 -1 0
2  7 1 6 -1 5 1 4 -1 0
2  10 -1 7 1 6 -1 5 1 4 -1 0
2  6 1 7 -1 0
2  7 1 6 -1 0
2  10 -1 7 1 6 -1 0
1
              1               0               0               0 
              0 2.22044604925031e-16              -1              -3 
              0               1 2.22044604925031e-16               0 
1
              1               0               0               0 
              0               1               0               0 
              0               0               1               0 
1
              1               0               0               0 
              0               1               0               0 
              0               0               1               0 
1
              1               0               0               0 
              0 2.22044604925031e-16              -1              -3 
              0               1 2.22044604925031e-16               0 
2  19 -1 20 -1 21 1 22 1 5 -1 0
2  2 1 3 -1 4 1 5 -1 0
2  5 1 4 -1 3 1 2 -1 0
Curve2ds 0
Curves 210
1 79.5 3.4999999999999925 -7.0000000000000027 -0.70710678118654757 -0.70710678118654757 -0 
1 79.000000000000014 3 7 0 0 1 
1 78.666666666666671 2.6666666666666616 -25.083333333333325 0.57735026918962573 0.57735026918962573 0.57735026918962573 
1 78 1.9999999999999853 -25.750000000000004 0 0 -1 
1 44.396947949239603 2.9999999999999991 -6.999999999999952 -1 -1.4153003908561286e-33 -7.7786529017367956e-19 
1 0 3.8999999999999972 -7.0000000000000036 0 -1 2.2204460492503131e-16 
1 78 -3 -7.0000000000000018 1 0 0 
1 74.5 1.5000000000000004 -7.0000000000000027 0.70710678118654757 -0.70710678118654757 0 
1 78 4.9999999999999991 -7.0000000000000027 0 1 0 
1 0 3 7 0 0 1 
1 0 4.4999999999999929 4.4999999999999929 0 0.70710678118654757 -0.70710678118654757 
1 0 3 7 0 -1 0 
1 0 -4.4999999999999991 4.4999999999999991 0 0.70710678118654757 0.70710678118654757 
1 0 -3 -2.9270512687641768 0 -2.2300346576638043e-16 -1 
1 77.58405916706954 2.9043471426269254 6.09565285737306 -0.3092779613439578 0.67243852604789278 -0.67243852604789289 
1 78 3 5.9999999999999858 1 0 0 
1 78 1.9999999999999853 7 -1 0 0 
1 91.487678712896098 0.51232128710388369 -6.4496718264264636 -0.6840905784733522 0.6840905784733522 -0.2530615752894711 
1 77.240743397634688 3 6.3492086265440184 0.65079137345596849 0 -0.75925660236529657 
1 78 1.9999999999999853 7 -0.65079137345596849 0 0.75925660236529668 
1 85.333333333333314 6.6666666666666607 -21.083333333333325 -0.57735026918962573 0.57735026918962573 0.57735026918962573 
1 88.999999999999986 3 7 0 0 -1 
1 90 1.9999999999999853 -7.0000000000000027 0 0 1 
1 78 3 -24.749999999999986 -1 0 0 
1 90 1.9999999999999853 -25.750000000000004 1 0 0 
1 78 3 -25.750000000000004 -0 -1 -0 
1 78 -1.9999999999999991 -25.750000000000004 0 0 1 
1 77.240743397634702 -3 6.3492086265440335 -0.65079137345596849 0 0.75925660236529657 
1 78 -3 5.9999999999999991 -1 0 0 
1 79 -3 7 0 0 -1 
1 78 -3 -24.75 1 0 0 
1 89 -3 7 0 0 1 
1 81.999999999999986 -5.9999999999999991 -21.750000000000004 -0.57735026918962573 0.57735026918962573 -0.57735026918962573 
1 78 -1.9999999999999991 7 1 0 0 
1 78 3 7 0 -1 0 
1 78 -1.9999999999999991 7 0.30927796134395497 0.67243852604789356 0.67243852604789356 
1 78 -2.0000000000000009 7 0.65079137345596849 0 -0.75925660236529668 
1 90 3 -7.0000000000000027 -0 -1 -0 
1 90 -1.9999999999999991 -7.0000000000000027 0 0 -1 
1 90 3 -25.750000000000004 -0 -1 -0 
1 90 -1.9999999999999991 -25.750000000000004 -1 0 0 
1 90 -1.9999999999999991 -7.0000000000000027 0.68409057847335286 0.68409057847335286 0.2530615752894676 
1 90 -1.9999999999999991 -25.750000000000004 0.57735026918962573 0.57735026918962573 -0.57735026918962573 
1 79.25 3 -24 0 0 1 
1 79.25 3 -24 -1 -0 -0 
1 88.75 3 -24 -0 -0 -1 
1 79.25 3 -9.0000000000000036 1 0 0 
1 79.25 7 -24 0 0 1 
1 79.25 7 -12.500000000000002 0 1 0 
1 79.25 14 -11.500000000000002 -0 -0 -1 
1 79.25 7 -20.5 0 -1 0 
1 79.25 7 -24 0 0 1 
1 79.25 7 -22.999999999999986 0 -0.70710678118654757 -0.70710678118654757 
1 79.25 7 -24 -0 -1 -0 
1 79.25 7 -9.0000000000000036 -0 -1 -0 
1 79.25 7 -10.000000000000004 0 0.70710678118654757 -0.70710678118654757 
1 88.75 5.9999999999999858 -24 1 0 0 
1 88.75 7 -24 -0 -1 -0 
1 88.75 7 -9.0000000000000036 -0 -1 -0 
1 79.25 5.9999999999999991 -9.0000000000000036 -1 0 0 
1 88.75 7 -24 -0 -0 -1 
1 88.75 7 -10.000000000000004 0 -0.70710678118654757 0.70710678118654757 
1 88.75 7 -22.999999999999986 0 0.70710678118654757 0.70710678118654757 
1 88.75 7 -10.000000000000004 1 0 0 
1 79.25 7 -22.999999999999986 -1 0 0 
1 79.25 7 -20.5 0.70710678118654757 0 -0.70710678118654757 
1 88.067679926712103 7 -21.5 1 0 0 
1 88.067679926712088 7 -20.499999999999993 0.70710678118654757 0 0.70710678118654757 
1 88.067679926712103 7 -11.500000000000002 -0 -0 -1 
1 87.067679926712103 7 -11.500000000000009 -0.70710678118654446 0 0.70710678118655057 
1 88.067679926712103 7 -11.500000000000002 1 0 0 
1 80.25 7 -11.500000000000002 -0.70710678118654757 0 -0.70710678118654757 
1 80.25 0 -11.500000000000002 0 -1 0 
1 70.497148950693116 10.18314851022957 -21.25285104930688 0.67571321673017293 0.29465793298726006 0.67571321673017293 
1 79.25 14 -12.500000000000002 -0.73279349162629914 0.68045109936727788 0 
1 65.25 27 -11.500000000000002 -0 -0 -1 
1 79.25 13.999999999999998 -20.5 0.73279349162629914 -0.68045109936727788 0 
1 79.25 14 -20.5 -0.67571321673017293 -0.29465793298726006 0.67571321673017293 
1 80.25 14 -21.5 0 1 0 
1 0 52 -21.5 1 0 0 
1 66.250000000000014 53 -21.5 0 1 0 
1 70.25 53 -21.5 1 0 0 
1 69.249999999999972 30.5449885033755 -21.5 0 -1 0 
1 87.387228827344813 13.267206508373697 -21.5 0.73279349162629948 -0.68045109936727766 0 
1 87.067679926712088 6.9999999999999982 -21.5 1.9825411154020653e-15 -1 0 
1 65.930451099367275 27.732793491626289 -21.5 -0.73279349162629914 0.68045109936727788 0 
1 66.25 32.999999999999986 -21.5 0 1 0 
1 66.249999999999844 32.999999999999986 -21.5 0.70710678118654757 0.70710678118654757 0 
1 67.249999999999844 35.999999999999993 -21.5 0 -1 0 
1 0 35.999999999999993 -21.5 1 0 0 
1 66.250000000000014 40.999999999999993 -21.5 0 1 0 
1 66.249999999999901 40.999999999999993 -21.5 0.70710678118654757 0.70710678118654757 0 
1 67.249999999999915 44 -21.5 0 -1 0 
1 0 44 -21.5 1 0 0 
1 66.250000000000014 49 -21.5 0 1 0 
1 66.250000000000014 49 -21.5 0.70710678118654757 0.70710678118654757 0 
1 67.25 52 -21.5 0 -1 0 
1 83.226512513898101 11.888914486521452 -25.341167412813981 -0.67571321673017226 -0.29465793298726228 -0.67571321673017271 
1 88.067679926712088 13.999999999999998 -20.499999999999986 -1.9825411154020653e-15 1 0 
1 88.067679926712088 14 -11.500000000000002 -0 -0 -1 
1 88.067679926712088 14 -12.500000000000025 1.9825411154020653e-15 -1 0 
1 76.201955640223588 8.8257193953189894 -0.63427571351139589 -0.67571321673016793 -0.29465793298726839 0.67571321673017437 
1 87.067679926712103 1.7261525527737382e-13 -11.500000000000002 -1.9825411154020653e-15 1 0 
1 0 52.999999999999986 -11.500000000000002 -1 0 0 
1 66.25 0 -11.500000000000002 0 -1 0 
1 0 52 -11.500000000000002 1 0 0 
1 67.25 0 -11.500000000000002 0 -1 0 
1 8.6250000000000089 -8.6250000000000089 -11.500000000000002 -0.70710678118654757 -0.70710678118654757 -0 
1 66.25 0 -11.500000000000002 0 -1 0 
1 0 44 -11.500000000000002 1 0 0 
1 67.249999999999915 0 -11.500000000000002 0 -1 0 
1 12.624999999999956 -12.624999999999956 -11.500000000000002 -0.70710678118654757 -0.70710678118654757 -0 
1 66.25 0 -11.500000000000002 0 -1 0 
1 0 35.999999999999993 -11.500000000000002 1 0 0 
1 67.249999999999844 0 -11.500000000000002 0 -1 0 
1 16.624999999999932 -16.624999999999932 -11.500000000000002 -0.70710678118654757 -0.70710678118654757 -0 
1 66.25 0 -11.500000000000002 0 -1 0 
1 44.355108633613852 47.767040066968761 -11.500000000000002 0.73279349162629914 -0.68045109936727788 0 
1 47.076913031082945 50.698214033473974 -11.500000000000002 -0.73279349162629948 0.68045109936727766 0 
1 69.249999999999986 0 -11.500000000000002 0 1 0 
1 60.30103049184634 24.841905279363733 -17.448969508153663 0.67571321673017293 0.29465793298726006 0.67571321673017293 
1 65.25 27 -12.500000000000002 0 1 0 
1 65.25 32.999999999999986 -11.500000000000002 0 0 -1 
1 65.25 27 -20.5 0 -1 0 
1 69.053881541153217 28.658756769134172 -24.303881541153221 -0.67571321673017293 -0.29465793298726006 0.67571321673017293 
1 65.25 52 -11.500000000000002 0 0 1 
1 65.25 51.999999999999993 -20.499999999999986 0.70710678118654757 0 -0.70710678118654757 
1 67.25 52 6.9999999999999991 -0 -0 -1 
1 66.25 51.999999999999993 -11.500000000000002 -0.70710678118654757 0 -0.70710678118654757 
1 65.25 52 -11.500000000000002 0 0 1 
1 56.250000000000021 52 3.5000000000000178 0.44721359549995698 0 -0.89442719099991641 
1 75.050000000000026 52 1.099999999999969 -0.4472135954999592 0 -0.8944271909999153 
1 44.166666666666579 75.083333333333286 0.58333333333343906 -0.57735026918962706 0.57735026918962318 0.57735026918962706 
1 65.25 52 -20.499999999999986 0 -1 0 
1 65.25 53 -21.5 0 -0.70710678118654513 -0.70710678118655002 
1 65.25 55 -19.499999999999986 -1 0 0 
1 69.249999999999972 53 -21.5 0 -0.70710678118654513 -0.70710678118655002 
1 73.526262882947947 31.973666861457367 -17.223737117052099 -0.67571321673017937 -0.29465793298725185 -0.67571321673017015 
1 71.315452845424005 52.144461418983283 -19.434547154576002 -0.67859834454585244 0.28108463771481657 -0.67859834454584311 
1 70.25 53 -20.499999999999986 0 1 0 
1 70.25 30.5449885033755 -20.499999999999986 -0.73279349162629948 0.68045109936727766 0 
1 65.25 32.999999999999986 -20.5 -0.70710678118654757 0 0.70710678118654757 
1 67.249999999999844 33.999999999999972 -11.499999999999996 0 0 1 
1 66.249999999999844 32.999999999999986 -21.5 0 0 -1 
1 67.249999999999844 35.999999999999993 6.9999999999999991 -0 -0 -1 
1 66.25 35.999999999999993 -11.500000000000002 -0.70710678118654757 0 -0.70710678118654757 
1 65.25 35.999999999999993 -11.500000000000002 0 0 1 
1 56.249999999999986 35.999999999999993 3.5000000000000848 0.44721359549995698 0 -0.89442719099991641 
1 75.049999999999997 35.999999999999993 1.0999999999999022 -0.4472135954999592 0 -0.8944271909999153 
1 65.25 35.999999999999993 -11.500000000000002 0 0 1 
1 65.25 35.999999999999993 -20.499999999999986 0.70710678118654757 0 -0.70710678118654757 
1 65.25 40.999999999999993 -20.499999999999986 -0.70710678118654757 0 0.70710678118654757 
1 65.25 35.999999999999993 -20.499999999999986 0 -1 0 
1 67.249999999999915 42.000000000000007 -11.499999999999996 0 0 1 
1 66.249999999999901 40.999999999999993 -21.5 0 0 -1 
1 66.249999999999901 40.999999999999993 -21.5 0 0 -1 
1 67.249999999999915 44 6.9999999999999991 -0 -0 -1 
1 66.25 44 -11.500000000000002 -0.70710678118654757 0 -0.70710678118654757 
1 65.25 44 -11.500000000000002 0 0 1 
1 56.25 44 3.500000000000052 0.44721359549995698 0 -0.89442719099991641 
1 75.050000000000011 44 1.0999999999999353 -0.4472135954999592 0 -0.8944271909999153 
1 65.25 44 -11.500000000000002 0 0 1 
1 65.25 44 -20.499999999999986 0.70710678118654757 0 -0.70710678118654757 
1 65.25 49 -20.499999999999986 -0.70710678118654757 0 0.70710678118654757 
1 65.25 44 -20.499999999999986 0 -1 0 
1 67.25 49.999999999999986 -11.499999999999996 0 0 1 
1 66.250000000000014 49 -21.5 0 0 -1 
1 66.250000000000014 49 -21.5 0 0 -1 
1 70.25 30.5449885033755 -11.500000000000002 -0 -0 -1 
1 70.25 30.5449885033755 -12.500000000000016 0.73279349162629948 -0.68045109936727766 0 
1 63.225443126325303 27.481793412173037 -5.4754431263252688 -0.67571321673016826 -0.29465793298726778 0.67571321673017426 
1 65.25 55 -13.500000000000004 0 0.70710678118655002 -0.70710678118654513 
1 64.583333333333343 54.666666666666671 -13.166666666666671 0.57735026918962451 -0.5773502691896284 0.57735026918962451 
1 69.249999999999972 55 -13.500000000000004 0 0.70710678118655002 -0.70710678118654513 
1 65.25 55 -13.500000000000004 1 0 0 
1 65.25 27 -12.500000000000002 0 1 0 
1 66.25 48.999999999999993 -11.500000000000002 0.70710678118654757 0 0.70710678118654757 
1 65.25 27 -12.500000000000002 0 1 0 
1 66.25 40.999999999999993 -11.500000000000002 0.70710678118654757 0 0.70710678118654757 
1 65.25 27 -12.500000000000002 0 1 0 
1 66.25 32.999999999999986 -11.500000000000002 0.70710678118654757 0 0.70710678118654757 
1 69.361734996271238 52.95371784915271 -11.611734996271254 -0.67859834454584678 0.28108463771480707 0.67859834454585277 
1 70.25 47 -12.500000000000025 0 -1 0 
1 65.25 35 -18.499999999999996 0 1 0 
1 65.25 55 0 0 0 -1 
1 65.25 55 0 0 0 -1 
1 65.25 35 -14.499999999999995 0 1 0 
1 66.25 55 -16.5 0.44721359549995704 0 -0.89442719099991641 
1 66.25 35 -16.5 0 1 0 
1 65.25 55 -18.499999999999996 -0.4472135954999592 -0 -0.8944271909999153 
1 69.249999999999986 55 0 0 0 -1 
1 70.170991426440722 54.079008573559264 -19.118512860338907 -0.67859834454584922 0.67859834454585388 -0.28108463771479841 
1 70.25 54.29289321881344 -18.792893218813433 0 0.70710678118654513 0.70710678118655002 
1 70.25 52.292893218813425 -12.207106781186567 0 -0.70710678118655002 0.70710678118654513 
1 70.25 53.999999999999979 -11.500000000000002 0 0 1 
1 65.25 40.999999999999993 -11.500000000000002 0 0 -1 
1 65.25 35 -14.499999999999995 0 1 0 
1 56.25 40.999999999999993 3.500000000000052 -0.44721359549995698 0 0.89442719099991641 
1 66.25 35 -16.5 0 1 0 
1 75.050000000000011 40.999999999999993 1.0999999999999353 0.4472135954999592 0 0.8944271909999153 
1 65.25 35 -18.499999999999996 0 1 0 
1 65.25 40.999999999999993 -11.500000000000002 0 0 -1 
1 65.25 49 -11.500000000000002 0 0 -1 
1 65.25 35 -14.499999999999995 0 1 0 
1 56.250000000000021 49 3.5000000000000178 -0.44721359549995698 0 0.89442719099991641 
1 66.25 35 -16.5 0 1 0 
1 75.050000000000026 49 1.099999999999969 0.4472135954999592 0 0.8944271909999153 
1 65.25 35 -18.499999999999996 0 1 0 
1 65.25 49 -11.500000000000002 0 0 -1 
1 66.674961807287701 57.575038192712306 -12.433384256949921 -0.67859834454584667 0.67859834454585133 0.28108463771481085 
Polygon3D 0
PolygonOnTriangulations 420
2 4 1 
p 0.30125 1 0.707106781186532 2.12132034355965 
2 1 3 
p 0.30125 1 0.707106781186532 2.12132034355965 
2 3 4 
p 0.30125 1 -31.75 -14 
2 1 2 
p 0.30125 1 -31.75 -14 
2 2 3 
p 0.30125 1 -1.15470053837927 0.577350269189637 
2 1 4 
p 0.30125 1 -1.15470053837927 0.577350269189637 
2 1 2 
p 0.30125 1 -18.75 0 
2 1 2 
p 0.30125 1 -18.75 0 
2 1 2 
p 0.30125 1 -34.6030520507604 44.3969479492396 
2 2 3 
p 0.30125 1 -34.6030520507604 44.3969479492396 
2 2 6 
p 0.30125 1 0.899999999999999 6.9 
2 1 3 
p 0.30125 1 0.899999999999999 6.9 
2 6 5 
p 0.30125 1 -78 1 
2 5 4 
p 0.30125 1 -78 1 
2 4 5 
p 0.30125 1 4.94974746830583 6.36396103067893 
2 4 1 
p 0.30125 1 4.94974746830583 6.36396103067893 
2 4 3 
p 0.30125 1 -7 -3.00000000000001 
2 3 1 
p 0.30125 1 -7 -3.00000000000001 
2 1 2 
p 0.30125 1 -14 -1.00000000000001 
2 3 4 
p 0.30125 1 -14 -1.00000000000001 
2 6 2 
p 0.30125 1 -3.53553390593275 -2.12132034355963 
2 2 3 
p 0.30125 1 -3.53553390593275 -2.12132034355963 
2 6 5 
p 0.30125 1 1.00000000000001 5 
2 2 4 
p 0.30125 1 1.00000000000001 5 
2 4 5 
p 0.30125 1 2.12132034355964 3.53553390593274 
2 2 3 
p 0.30125 1 2.12132034355964 3.53553390593274 
2 4 3 
p 0.30125 1 -8.92705126876417 4.07294873123583 
2 6 5 
p 0.30125 1 -8.92705126876417 4.07294873123583 
2 1 4 
p 0.30125 1 -1.34487705209581 0.142247735172541 
2 2 3 
p 0.30125 1 -1.34487705209581 0.142247735172541 
2 3 4 
p 0.30125 1 -78 -0.459934922470424 
2 4 5 
p 0.30125 1 -78 -0.459934922470424 
2 1 2 
p 0.30125 1 0 78 
2 1 2 
p 0.30125 1 0 78 
2 1 4 
p 0.30125 1 2.17468089710587 3.63647562351718 
2 2 3 
p 0.30125 1 2.17468089710587 3.63647562351718 
2 3 4 
p 0.30125 1 0.459934922470414 18.0691648383703 
2 5 6 
p 0.30125 1 0.459934922470414 18.0691648383703 
2 1 2 
p 0.30125 1 -18.4390889145858 0 
2 1 2 
p 0.30125 1 -18.4390889145858 0 
2 1 4 
p 0.30125 1 -8.08290376865478 -6.35085296108588 
2 2 3 
p 0.30125 1 -8.08290376865478 -6.35085296108588 
2 3 4 
p 0.30125 1 14.3699240762155 31.75 
2 6 7 
p 0.30125 1 14.3699240762155 31.75 
2 1 2 
p 0.30125 1 -18.75 0 
2 1 2 
p 0.30125 1 -18.75 0 
2 3 4 
p 0.30125 1 -11 -1.00000000000001 
2 7 1 
p 0.30125 1 -11 -1.00000000000001 
2 1 2 
p 0.30125 1 -12 0 
2 1 2 
p 0.30125 1 -12 0 
2 2 4 
p 0.30125 1 1.00000000000001 5 
2 1 3 
p 0.30125 1 1.00000000000001 5 
2 4 3 
p 0.30125 1 0 18.75 
2 3 4 
p 0.30125 1 0 18.75 
2 2 7 
p 0.30125 1 -18.0691648383703 -0.459934922470415 
2 1 2 
p 0.30125 1 -18.0691648383703 -0.459934922470415 
2 7 6 
p 0.30125 1 0.45993492247041 78 
2 1 2 
p 0.30125 1 0.45993492247041 78 
2 4 3 
p 0.30125 1 14 31.75 
2 1 2 
p 0.30125 1 14 31.75 
2 3 1 
p 0.30125 1 1 11 
2 1 2 
p 0.30125 1 1 11 
2 1 2 
p 0.30125 1 -31.75 -14.3699240762155 
2 1 2 
p 0.30125 1 -31.75 -14.3699240762155 
2 2 3 
p 0.30125 1 5.19615242270662 6.9282032302755 
2 1 4 
p 0.30125 1 5.19615242270662 6.9282032302755 
2 4 3 
p 0.30125 1 -78 0 
2 3 4 
p 0.30125 1 -78 0 
2 1 3 
p 0.30125 1 1.00000000000001 5 
2 2 4 
p 0.30125 1 1.00000000000001 5 
2 1 4 
p 0.30125 1 -1.48712478726832 -1.1944907748214e-15 
2 2 3 
p 0.30125 1 -1.48712478726832 -1.1944907748214e-15 
2 4 3 
p 0.30125 1 0 18.4390889145858 
2 3 4 
p 0.30125 1 0 18.4390889145858 
2 1 3 
p 0.30125 1 1.00000000000001 5 
2 2 4 
p 0.30125 1 1.00000000000001 5 
2 4 3 
p 0.30125 1 0 18.75 
2 3 4 
p 0.30125 1 0 18.75 
2 1 3 
p 0.30125 1 1.00000000000001 5 
2 2 4 
p 0.30125 1 1.00000000000001 5 
2 4 3 
p 0.30125 1 0 12 
2 3 4 
p 0.30125 1 0 12 
2 1 4 
p 0.30125 1 -1.46179472641129 0 
2 2 3 
p 0.30125 1 -1.46179472641129 0 
2 2 3 
p 0.30125 1 -1.73205080756888 0 
2 1 4 
p 0.30125 1 -1.73205080756888 0 
2 8 9 
p 0.30125 1 0 15 
2 4 3 
p 0.30125 1 0 15 
2 10 8 
p 0.30125 1 -9.5 -0 
2 1 2 
p 0.30125 1 -9.5 -0 
2 11 10 
p 0.30125 1 -15 -0 
2 4 3 
p 0.30125 1 -15 -0 
2 9 11 
p 0.30125 1 0 9.5 
2 1 2 
p 0.30125 1 0 9.5 
2 10 2 
p 0.30125 1 11.5 14 
2 1 2 
p 0.30125 1 11.5 14 
2 10 9 
p 0.30125 1 0 7 
2 1 2 
p 0.30125 1 0 7 
2 9 8 
p 0.30125 1 1 9 
2 4 2 
p 0.30125 1 1 9 
2 8 7 
p 0.30125 1 -7 0 
2 3 1 
p 0.30125 1 -7 0 
2 6 7 
p 0.30125 1 1.00000000000001 3.5 
2 5 6 
p 0.30125 1 1.00000000000001 3.5 
2 6 5 
p 0.30125 1 0 1.41421356237312 
2 4 3 
p 0.30125 1 0 1.41421356237312 
2 5 4 
p 0.30125 1 1.00000000000001 4 
2 4 2 
p 0.30125 1 1.00000000000001 4 
2 1 3 
p 0.30125 1 1 4 
2 3 1 
p 0.30125 1 1 4 
2 1 2 
p 0.30125 1 -1.4142135623731 2.51214793389404e-15 
2 1 2 
p 0.30125 1 -1.4142135623731 2.51214793389404e-15 
2 4 3 
p 0.30125 1 -9.5 0 
2 3 1 
p 0.30125 1 -9.5 0 
2 3 1 
p 0.30125 1 1.00000000000001 4 
2 1 3 
p 0.30125 1 1.00000000000001 4 
2 4 2 
p 0.30125 1 1 4 
2 5 4 
p 0.30125 1 1 4 
2 4 3 
p 0.30125 1 -9.5 0 
2 3 1 
p 0.30125 1 -9.5 0 
2 6 2 
p 0.30125 1 -14 -1.00000000000001 
2 3 4 
p 0.30125 1 -14 -1.00000000000001 
2 6 5 
p 0.30125 1 -2.51214793389404e-15 1.4142135623731 
2 4 3 
p 0.30125 1 -2.51214793389404e-15 1.4142135623731 
2 1 2 
p 0.30125 1 -1.41421356237312 0 
2 1 2 
p 0.30125 1 -1.41421356237312 0 
2 2 3 
p 0.30125 1 -9.5 0 
2 2 4 
p 0.30125 1 -9.5 0 
2 4 5 
p 0.30125 1 -9.5 0 
2 2 4 
p 0.30125 1 -9.5 0 
2 6 7 
p 0.30125 1 0 1.41421356237309 
2 1 2 
p 0.30125 1 0 1.41421356237309 
2 7 8 
p 0.30125 1 -7.8176799267121 -1.00000000000001 
2 8 7 
p 0.30125 1 -7.8176799267121 -1.00000000000001 
2 8 9 
p 0.30125 1 -1.4142135623731 1.50728876033642e-14 
2 1 2 
p 0.30125 1 -1.4142135623731 1.50728876033642e-14 
2 10 9 
p 0.30125 1 1.00000000000002 8.99999999999998 
2 3 1 
p 0.30125 1 1.00000000000002 8.99999999999998 
2 10 11 
p 0.30125 1 -1.41421356237311 1.50728876033642e-14 
2 4 1 
p 0.30125 1 -1.41421356237311 1.50728876033642e-14 
2 12 11 
p 0.30125 1 -7.8176799267121 -1.00000000000001 
2 5 4 
p 0.30125 1 -7.8176799267121 -1.00000000000001 
2 12 1 
p 0.30125 1 0 1.41421356237309 
2 4 1 
p 0.30125 1 0 1.41421356237309 
2 3 4 
p 0.30125 1 -14.4360695124673 -7 
2 6 5 
p 0.30125 1 -14.4360695124673 -7 
2 2 3 
p 0.30125 1 12.9534998466695 14.4334176213123 
2 1 4 
p 0.30125 1 12.9534998466695 14.4334176213123 
2 4 3 
p 0.30125 1 0 19.1049731745428 
2 1 2 
p 0.30125 1 0 19.1049731745428 
2 3 1 
p 0.30125 1 1 9 
2 4 2 
p 0.30125 1 1 9 
2 1 2 
p 0.30125 1 -19.1049731745428 -1.20872396423848e-15 
2 3 2 
p 0.30125 1 -19.1049731745428 -1.20872396423848e-15 
2 4 3 
p 0.30125 1 -1.47991777464273 0 
2 1 2 
p 0.30125 1 -1.47991777464273 0 
2 2 4 
p 0.30125 1 -7 0.436069512467334 
2 8 9 
p 0.30125 1 -7 0.436069512467334 
2 1 2 
p 0.30125 1 66.25 67.25 
2 8 7 
p 0.30125 1 66.25 67.25 
2 1 3 
p 0.30125 1 -1 0 
2 3 1 
p 0.30125 1 -1 0 
2 3 4 
p 0.30125 1 -3.99999999999999 -1.00000000000003 
2 1 2 
p 0.30125 1 -3.99999999999999 -1.00000000000003 
2 4 5 
p 0.30125 1 -22.4550114966245 0.43606951246732 
2 3 2 
p 0.30125 1 -22.4550114966245 0.43606951246732 
2 5 6 
p 0.30125 1 -24.7508050147834 -0.436069512467365 
2 3 2 
p 0.30125 1 -24.7508050147834 -0.436069512467365 
2 6 7 
p 0.30125 1 -6.56393048753267 -1.77635683940025e-15 
2 3 1 
p 0.30125 1 -6.56393048753267 -1.77635683940025e-15 
2 9 10 
p 0.30125 1 -19.5410426870101 -0.436069512467344 
2 1 4 
p 0.30125 1 -19.5410426870101 -0.436069512467344 
2 10 11 
p 0.30125 1 -5.56393048753265 0 
2 3 1 
p 0.30125 1 -5.56393048753265 0 
2 11 12 
p 0.30125 1 0 1.41421356237308 
2 4 3 
p 0.30125 1 0 1.41421356237308 
2 13 12 
p 0.30125 1 0 2.00000000000002 
2 2 4 
p 0.30125 1 0 2.00000000000002 
2 14 13 
p 0.30125 1 66.25 67.2499999999998 
2 3 2 
p 0.30125 1 66.25 67.2499999999998 
2 14 15 
p 0.30125 1 -5 0 
2 3 1 
p 0.30125 1 -5 0 
2 15 16 
p 0.30125 1 0 1.41421356237312 
2 4 3 
p 0.30125 1 0 1.41421356237312 
2 17 16 
p 0.30125 1 0 1.99999999999999 
2 2 4 
p 0.30125 1 0 1.99999999999999 
2 18 17 
p 0.30125 1 66.25 67.2499999999999 
2 3 2 
p 0.30125 1 66.25 67.2499999999999 
2 18 19 
p 0.30125 1 -5 0 
2 3 1 
p 0.30125 1 -5 0 
2 19 20 
p 0.30125 1 0 1.41421356237307 
2 4 3 
p 0.30125 1 0 1.41421356237307 
2 2 20 
p 0.30125 1 0 2.00000000000001 
2 2 4 
p 0.30125 1 0 2.00000000000001 
2 4 3 
p 0.30125 1 -7.1645297042446 -5.68461192960185 
2 1 2 
p 0.30125 1 -7.1645297042446 -5.68461192960185 
2 2 4 
p 0.30125 1 -7 1.77635683940025e-15 
2 1 2 
p 0.30125 1 -7 1.77635683940025e-15 
2 4 2 
p 0.30125 1 1.00000000000001 8.99999999999998 
2 3 1 
p 0.30125 1 1.00000000000001 8.99999999999998 
2 4 3 
p 0.30125 1 0 7 
2 3 4 
p 0.30125 1 0 7 
2 3 2 
p 0.30125 1 -17.5602962805844 -16.0803785059417 
2 2 3 
p 0.30125 1 -17.5602962805844 -16.0803785059417 
2 1 2 
p 0.30125 1 6.99999999999983 13.5639304875325 
2 4 3 
p 0.30125 1 6.99999999999983 13.5639304875325 
2 2 20 
p 0.30125 1 -69.25 -66.25 
2 3 4 
p 0.30125 1 -69.25 -66.25 
2 20 19 
p 0.30125 1 -53 -52 
2 1 2 
p 0.30125 1 -53 -52 
2 19 18 
p 0.30125 1 66.25 67.25 
2 5 6 
p 0.30125 1 66.25 67.25 
2 18 17 
p 0.30125 1 -52 -50 
2 1 3 
p 0.30125 1 -52 -50 
2 17 16 
p 0.30125 1 -82.9082700941227 -81.4940565317496 
2 1 2 
p 0.30125 1 -82.9082700941227 -81.4940565317496 
2 16 15 
p 0.30125 1 -49 -44 
2 1 2 
p 0.30125 1 -49 -44 
2 15 14 
p 0.30125 1 66.25 67.2499999999999 
2 9 1 
p 0.30125 1 66.25 67.2499999999999 
2 14 13 
p 0.30125 1 -44 -42 
2 1 3 
p 0.30125 1 -44 -42 
2 13 12 
p 0.30125 1 -77.2514158446303 -75.8372022822571 
2 1 2 
p 0.30125 1 -77.2514158446303 -75.8372022822571 
2 12 11 
p 0.30125 1 -41 -36 
2 1 2 
p 0.30125 1 -41 -36 
2 11 10 
p 0.30125 1 66.25 67.2499999999998 
2 9 1 
p 0.30125 1 66.25 67.2499999999998 
2 10 9 
p 0.30125 1 -36 -34 
2 1 3 
p 0.30125 1 -36 -34 
2 9 8 
p 0.30125 1 -71.5945615951378 -70.1803480327647 
2 1 2 
p 0.30125 1 -71.5945615951378 -70.1803480327647 
2 8 7 
p 0.30125 1 -33 -27.4360695124673 
2 1 2 
p 0.30125 1 -33 -27.4360695124673 
2 7 6 
p 0.30125 1 29.8786651581669 48.9836383327097 
2 3 4 
p 0.30125 1 29.8786651581669 48.9836383327097 
2 3 1 
p 0.30125 1 -54.5730377693135 -30.2583022669975 
2 3 4 
p 0.30125 1 -54.5730377693135 -30.2583022669975 
2 1 2 
p 0.30125 1 30.1089189909082 53 
2 3 4 
p 0.30125 1 30.1089189909082 53 
2 2 3 
p 0.30125 1 7.3240679412815 8.80398571592424 
2 3 2 
p 0.30125 1 7.3240679412815 8.80398571592424 
2 4 3 
p 0.30125 1 0 5.99999999999999 
2 3 4 
p 0.30125 1 0 5.99999999999999 
2 3 1 
p 0.30125 1 1 9 
2 4 2 
p 0.30125 1 1 9 
2 1 2 
p 0.30125 1 -5.99999999999999 0 
2 2 4 
p 0.30125 1 -5.99999999999999 0 
2 4 3 
p 0.30125 1 4.14951413074531 5.62943190538804 
2 3 4 
p 0.30125 1 4.14951413074531 5.62943190538804 
2 9 2 
p 0.30125 1 -8.99999999999998 -6.99999999999999 
2 4 3 
p 0.30125 1 -8.99999999999998 -6.99999999999999 
2 9 8 
p 0.30125 1 0 1.41421356237312 
2 4 3 
p 0.30125 1 0 1.41421356237312 
2 6 7 
p 0.30125 1 18.5 28.5 
2 1 2 
p 0.30125 1 18.5 28.5 
2 5 4 
p 0.30125 1 0 1.41421356237309 
2 2 3 
p 0.30125 1 0 1.41421356237309 
2 3 4 
p 0.30125 1 -2.99999999999999 -1 
2 1 5 
p 0.30125 1 -2.99999999999999 -1 
2 3 1 
p 0.30125 1 20.1246117974981 22.3606797749979 
2 1 2 
p 0.30125 1 20.1246117974981 22.3606797749979 
2 1 2 
p 0.30125 1 19.6773982019981 21.9134661794979 
2 1 2 
p 0.30125 1 19.6773982019981 21.9134661794979 
2 1 2 
p 0.30125 1 -38.2494553338128 -36.5174045262439 
2 1 3 
p 0.30125 1 -38.2494553338128 -36.5174045262439 
2 2 4 
p 0.30125 1 -2.00000000000001 0 
2 5 4 
p 0.30125 1 -2.00000000000001 0 
2 4 3 
p 0.30125 1 -2.8284271247462 -1.41421356237311 
2 2 5 
p 0.30125 1 -2.8284271247462 -1.41421356237311 
2 5 4 
p 0.30125 1 -3.99999999999997 0 
2 6 5 
p 0.30125 1 -3.99999999999997 0 
2 5 2 
p 0.30125 1 -2.8284271247462 0 
2 3 2 
p 0.30125 1 -2.8284271247462 0 
2 1 2 
p 0.30125 1 4.84859967487685 6.32851744951961 
2 4 3 
p 0.30125 1 4.84859967487685 6.32851744951961 
2 4 3 
p 0.30125 1 1.5700787571727 3.04370451538063 
2 1 2 
p 0.30125 1 1.5700787571727 3.04370451538063 
2 1 4 
p 0.30125 1 -22.4550114966245 -0.414213562373099 
2 4 3 
p 0.30125 1 -22.4550114966245 -0.414213562373099 
2 1 4 
p 0.30125 1 -24.314735502316 0 
2 1 2 
p 0.30125 1 -24.314735502316 0 
2 1 2 
p 0.30125 1 -1.41421356237298 0 
2 1 2 
p 0.30125 1 -1.41421356237298 0 
2 3 1 
p 0.30125 1 -10 -5.32907051820075e-15 
2 4 3 
p 0.30125 1 -10 -5.32907051820075e-15 
2 2 4 
p 0.30125 1 -10 0 
2 3 1 
p 0.30125 1 -10 0 
2 1 2 
p 0.30125 1 18.5 28.5 
2 1 2 
p 0.30125 1 18.5 28.5 
2 9 8 
p 0.30125 1 0 1.41421356237309 
2 2 3 
p 0.30125 1 0 1.41421356237309 
2 7 8 
p 0.30125 1 -2.99999999999999 -1 
2 1 4 
p 0.30125 1 -2.99999999999999 -1 
2 7 6 
p 0.30125 1 20.1246117974982 22.360679774998 
2 1 2 
p 0.30125 1 20.1246117974982 22.360679774998 
2 6 5 
p 0.30125 1 19.6773982019981 21.9134661794978 
2 1 2 
p 0.30125 1 19.6773982019981 21.9134661794978 
2 4 5 
p 0.30125 1 -8.99999999999998 -6.99999999999999 
2 3 1 
p 0.30125 1 -8.99999999999998 -6.99999999999999 
2 4 3 
p 0.30125 1 0 1.41421356237312 
2 4 3 
p 0.30125 1 0 1.41421356237312 
2 1 2 
p 0.30125 1 -1.41421356237303 0 
2 4 3 
p 0.30125 1 -1.41421356237303 0 
2 2 4 
p 0.30125 1 -5 0 
2 4 3 
p 0.30125 1 -5 0 
2 3 1 
p 0.30125 1 -10 -5.32907051820075e-15 
2 4 3 
p 0.30125 1 -10 -5.32907051820075e-15 
2 5 4 
p 0.30125 1 -5 0 
2 2 4 
p 0.30125 1 -5 0 
2 2 5 
p 0.30125 1 -10 -5 
2 3 1 
p 0.30125 1 -10 -5 
2 1 2 
p 0.30125 1 18.5 28.5 
2 1 2 
p 0.30125 1 18.5 28.5 
2 9 8 
p 0.30125 1 0 1.41421356237309 
2 2 3 
p 0.30125 1 0 1.41421356237309 
2 7 8 
p 0.30125 1 -2.99999999999999 -1 
2 1 4 
p 0.30125 1 -2.99999999999999 -1 
2 7 6 
p 0.30125 1 20.1246117974981 22.3606797749979 
2 1 2 
p 0.30125 1 20.1246117974981 22.3606797749979 
2 6 5 
p 0.30125 1 19.6773982019981 21.9134661794979 
2 1 2 
p 0.30125 1 19.6773982019981 21.9134661794979 
2 4 5 
p 0.30125 1 -8.99999999999998 -6.99999999999999 
2 3 1 
p 0.30125 1 -8.99999999999998 -6.99999999999999 
2 4 3 
p 0.30125 1 0 1.41421356237312 
2 4 3 
p 0.30125 1 0 1.41421356237312 
2 1 2 
p 0.30125 1 -1.41421356237312 0 
2 4 3 
p 0.30125 1 -1.41421356237312 0 
2 2 4 
p 0.30125 1 -5 0 
2 4 3 
p 0.30125 1 -5 0 
2 3 1 
p 0.30125 1 -10 -5.32907051820075e-15 
2 4 3 
p 0.30125 1 -10 -5.32907051820075e-15 
2 5 4 
p 0.30125 1 -5 0 
2 2 4 
p 0.30125 1 -5 0 
2 2 5 
p 0.30125 1 -10 -5 
2 3 1 
p 0.30125 1 -10 -5 
2 4 2 
p 0.30125 1 1.00000000000002 8.99999999999998 
2 5 4 
p 0.30125 1 1.00000000000002 8.99999999999998 
2 4 3 
p 0.30125 1 0 24.314735502316 
2 1 2 
p 0.30125 1 0 24.314735502316 
2 1 4 
p 0.30125 1 -10.39576657634 -8.91584880169727 
2 2 3 
p 0.30125 1 -10.39576657634 -8.91584880169727 
2 5 1 
p 0.30125 1 -1.4142135623731 0 
2 4 3 
p 0.30125 1 -1.4142135623731 0 
2 5 4 
p 0.30125 1 1.15470053837925 2.88675134594814 
2 4 1 
p 0.30125 1 1.15470053837925 2.88675134594814 
2 3 2 
p 0.30125 1 -2.8284271247462 0 
2 3 4 
p 0.30125 1 -2.8284271247462 0 
2 1 2 
p 0.30125 1 0 3.99999999999999 
2 1 7 
p 0.30125 1 0 3.99999999999999 
2 3 4 
p 0.30125 1 25 27 
2 5 4 
p 0.30125 1 25 27 
2 4 1 
p 0.30125 1 -1.41421356237309 1.00485917355762e-14 
2 4 3 
p 0.30125 1 -1.41421356237309 1.00485917355762e-14 
2 3 4 
p 0.30125 1 17 22 
2 4 3 
p 0.30125 1 17 22 
2 4 1 
p 0.30125 1 -1.41421356237309 -7.03401421490331e-14 
2 4 3 
p 0.30125 1 -1.41421356237309 -7.03401421490331e-14 
2 3 4 
p 0.30125 1 8.99999999999999 14 
2 4 3 
p 0.30125 1 8.99999999999999 14 
2 4 1 
p 0.30125 1 -1.41421356237309 -1.10534509091338e-13 
2 4 3 
p 0.30125 1 -1.41421356237309 -1.10534509091338e-13 
2 1 4 
p 0.30125 1 -1.30897018960934 0.164655568598595 
2 2 3 
p 0.30125 1 -1.30897018960934 0.164655568598595 
2 1 2 
p 0.30125 1 -5.58578643762689 16.4550114966245 
2 6 5 
p 0.30125 1 -5.58578643762689 16.4550114966245 
2 3 1 
p 0.30125 1 17 20 
2 2 3 
p 0.30125 1 17 20 
2 1 2 
p 0.30125 1 18.5 19.5 
2 4 5 
p 0.30125 1 18.5 19.5 
2 3 2 
p 0.30125 1 13.5 14.5 
2 1 2 
p 0.30125 1 13.5 14.5 
2 1 2 
p 0.30125 1 17 20 
2 1 4 
p 0.30125 1 17 20 
2 4 3 
p 0.30125 1 -2.23606797749979 0 
2 2 3 
p 0.30125 1 -2.23606797749979 0 
2 2 3 
p 0.30125 1 17 20 
2 1 4 
p 0.30125 1 17 20 
2 4 3 
p 0.30125 1 -2.23606797749979 -0 
2 3 4 
p 0.30125 1 -2.23606797749979 -0 
2 7 6 
p 0.30125 1 13.5 19.5 
2 3 4 
p 0.30125 1 13.5 19.5 
2 4 3 
p 0.30125 1 -0.116429069116221 1.35719668909171 
2 1 4 
p 0.30125 1 -0.116429069116221 1.35719668909171 
2 1 4 
p 0.30125 1 -2.41421356237309 -0.414213562373112 
2 3 1 
p 0.30125 1 -2.41421356237309 -0.414213562373112 
2 2 6 
p 0.30125 1 -2.41421356237309 -0.414213562373106 
2 1 2 
p 0.30125 1 -2.41421356237309 -0.414213562373106 
2 1 2 
p 0.30125 1 -7.5857864376269 -2.41421356237311 
2 1 2 
p 0.30125 1 -7.5857864376269 -2.41421356237311 
2 3 2 
p 0.30125 1 1 2.99999999999999 
2 4 2 
p 0.30125 1 1 2.99999999999999 
2 1 2 
p 0.30125 1 0.999999999999993 5.99999999999999 
2 1 4 
p 0.30125 1 0.999999999999993 5.99999999999999 
2 3 4 
p 0.30125 1 -22.3606797749979 -20.1246117974981 
2 1 2 
p 0.30125 1 -22.3606797749979 -20.1246117974981 
2 2 3 
p 0.30125 1 0.999999999999993 5.99999999999999 
2 1 4 
p 0.30125 1 0.999999999999993 5.99999999999999 
2 3 4 
p 0.30125 1 -21.9134661794979 -19.6773982019981 
2 1 2 
p 0.30125 1 -21.9134661794979 -19.6773982019981 
2 2 3 
p 0.30125 1 0.999999999999993 5.99999999999999 
2 1 2 
p 0.30125 1 0.999999999999993 5.99999999999999 
2 2 4 
p 0.30125 1 6.99999999999999 8.99999999999998 
2 1 3 
p 0.30125 1 6.99999999999999 8.99999999999998 
2 3 2 
p 0.30125 1 1 2.99999999999999 
2 4 2 
p 0.30125 1 1 2.99999999999999 
2 1 2 
p 0.30125 1 9 14 
2 1 4 
p 0.30125 1 9 14 
2 3 4 
p 0.30125 1 -22.3606797749979 -20.1246117974981 
2 1 2 
p 0.30125 1 -22.3606797749979 -20.1246117974981 
2 2 3 
p 0.30125 1 9 14 
2 1 4 
p 0.30125 1 9 14 
2 3 4 
p 0.30125 1 -21.9134661794979 -19.6773982019981 
2 1 2 
p 0.30125 1 -21.9134661794979 -19.6773982019981 
2 2 3 
p 0.30125 1 9 14 
2 1 2 
p 0.30125 1 9 14 
2 2 4 
p 0.30125 1 6.99999999999999 8.99999999999998 
2 1 3 
p 0.30125 1 6.99999999999999 8.99999999999998 
2 1 4 
p 0.30125 1 -5.26826836735787 -3.79464260914994 
2 2 3 
p 0.30125 1 -5.26826836735787 -3.79464260914994 
Surfaces 83
1 79.000000000000014 3 7 0.70710678118654757 -0.70710678118654757 0 0 0 1 -0.70710678118654757 -0.70710678118654757 0 
1 39.630340898479204 -1.0826019280757286 -6.9999999999999512 7.7786529017367956e-19 -1.6232580560198659e-16 -1 0 -1 1.6232580560198659e-16 -1 -1.2626760987726561e-34 -7.7786529017367956e-19 
1 0 0.39676097998272802 -0.8757805375283545 -1 -0 -0 0 0 -1 0 -1 0 
1 78 1.9999999999999853 7 -0 -0.70710678118654757 -0.70710678118654757 -1 0 0 0 0.70710678118654757 -0.70710678118654757 
1 77.240743397634688 3 6.349208626544022 -0.53687549219315878 -0.70710678118654835 -0.46017899330842177 0.6507913734559686 -2.7755575615628907e-17 -0.75925660236529646 0.53687549219315989 -0.7071067811865468 0.46017899330842288 
1 88.999999999999986 3 7 -0.70710678118654757 -0.70710678118654757 -0 0 0 -1 0.70710678118654757 -0.70710678118654757 0 
1 78 3 -24.749999999999986 0 -0.70710678118654757 0.70710678118654757 -1 0 0 -0 -0.70710678118654757 -0.70710678118654757 
1 78 3 -25.750000000000004 1 0 0 0 0 -1 0 1 0 
1 32.567730999999995 -3.0000000000000004 -4.9783219999999995 -2.7923064436820864e-35 1 -2.2300346576638043e-16 0 2.2300346576638043e-16 1 1 2.7923064436820864e-35 -6.2269401442290166e-51 
1 78 -1.9999999999999991 -25.750000000000004 0.70710678118654757 0.70710678118654757 0 0 0 1 0.70710678118654757 -0.70710678118654757 0 
1 78 3 7 0 0 -1 -1 0 0 0 1 0 
1 78 -3 5.9999999999999991 0 0.70710678118654757 -0.70710678118654757 -1 0 0 0 0.70710678118654757 0.70710678118654757 
1 78 3 7 -0.75925660236529668 0 -0.65079137345596849 -0.65079137345596849 0 0.75925660236529668 0 1 0 
1 90 3 -7.0000000000000027 -1 0 0 0 0 1 0 1 0 
1 90 3 -25.750000000000004 0 0 1 1 0 0 0 1 0 
1 78 -1.9999999999999991 7 -0.53687549219315978 0.70710678118654702 -0.46017899330842255 0.65079137345596849 2.7755575615628914e-17 -0.75925660236529668 -0.536875492193159 -0.70710678118654813 -0.46017899330842194 
1 90 -1.9999999999999991 -25.750000000000004 0 0.70710678118654757 0.70710678118654757 -1 0 0 0 -0.70710678118654757 0.70710678118654757 
1 90 -1.9999999999999991 -7.0000000000000027 -0.70710678118654757 0.70710678118654757 0 0 0 -1 -0.70710678118654757 -0.70710678118654757 -0 
1 49.001892447292796 3.0000000000000013 -3.9380418049648753 -3.2778869208284588e-18 1 -1.7143491000796193e-17 0 1.7143491000796193e-17 1 1 3.2778869208284588e-18 -5.6194424928850224e-35 
1 79.25 7 -24 1 0 0 0 0 -1 0 1 0 
1 79.25 7 -24 0 0 1 1 0 0 0 1 0 
1 79.25 7 -9.0000000000000036 0 0 -1 -1 0 0 0 1 0 
1 88.75 7 -24 -1 0 0 0 0 1 0 1 0 
1 0 7 0 0 1 0 0 0 1 1 0 0 
1 80.25 0 -11.500000000000002 0.70710678118654757 0 -0.70710678118654757 0 -1 0 -0.70710678118654757 -0 -0.70710678118654757 
1 79.25 14 -11.500000000000002 0.68045109936727788 0.73279349162629914 0 -0.73279349162629914 0.68045109936727788 0 0 0 1 
1 79.25 7 -20.5 -0.70710678118654757 0 -0.70710678118654757 0 1 0 0.70710678118654757 0 -0.70710678118654757 
1 0 7 -22.999999999999986 0 0.70710678118654757 -0.70710678118654757 1 0 0 0 -0.70710678118654757 -0.70710678118654757 
1 0 7 -10.000000000000004 0 0.70710678118654757 0.70710678118654757 -1 0 0 0 -0.70710678118654757 0.70710678118654757 
1 0 0 -21.5 0 0 -1 -1 0 0 0 1 0 
1 88.067679926712088 14 -20.499999999999986 0.70710678118654757 1.4018682666819421e-15 -0.70710678118654757 1.9825411154020653e-15 -1 0 -0.70710678118654757 -1.4018682666819421e-15 -0.70710678118654757 
1 88.067679926712088 14 -11.500000000000002 -1 -1.9825411154020653e-15 0 1.9825411154020653e-15 -1 0 0 0 1 
1 87.067679926712103 1.7261525527737382e-13 -11.500000000000002 -0.70710678118655057 -1.401868266681948e-15 -0.70710678118654446 -1.9825411154020653e-15 1 0 0.70710678118654446 1.401868266681936e-15 -0.70710678118655057 
1 0 0 -11.500000000000002 0 0 -1 -1 0 0 0 1 0 
1 44.355108633613852 47.767040066968761 -11.500000000000002 0.48115158662844526 0.51816324713832551 -0.70710678118654502 0.73279349162629914 -0.68045109936727788 2.7755575615628907e-17 -0.48115158662844176 -0.51816324713832185 -0.70710678118655013 
1 65.25 27 -11.500000000000002 1 0 0 0 0 -1 0 1 0 
1 79.25 14 -20.5 -0.48115158662844526 -0.51816324713832551 -0.70710678118654502 -0.73279349162629914 0.68045109936727788 2.7755575615628907e-17 0.48115158662844176 0.51816324713832185 -0.70710678118655013 
1 63.25 52 6.9999999999999991 0 1 0 0 0 1 1 0 0 
1 65.25 27 -20.499999999999986 -0.70710678118654757 0 -0.70710678118654757 0 1 0 0.70710678118654757 0 -0.70710678118654757 
1 0 53 -21.5 0 0.70710678118655002 -0.70710678118654513 -1 0 0 0 0.70710678118654513 0.70710678118655002 
1 70.25 47 -20.499999999999986 0.70710678118654258 0 -0.70710678118655246 0 -1 0 -0.70710678118655246 -0 -0.70710678118654258 
1 70.25 30.5449885033755 -20.499999999999986 0.48115158662844454 0.51816324713832529 -0.70710678118654569 0.73279349162629948 -0.68045109936727766 -8.3266726846886741e-17 -0.4811515866284421 -0.51816324713832251 -0.70710678118654946 
1 65.25 27 -20.5 -0.70710678118654757 0 -0.70710678118654757 0 1 0 0.70710678118654757 0 -0.70710678118654757 
1 66.249999999999844 32.999999999999986 6.9999999999999991 -0.70710678118654757 0.70710678118654757 0 0 0 1 0.70710678118654757 0.70710678118654757 0 
1 67.249999999999844 35.999999999999993 6.9999999999999991 1 0 0 0 0 -1 0 1 0 
1 63.249999999999837 35.999999999999993 6.9999999999999991 0 1 0 0 0 1 1 0 0 
1 65.25 27 -20.499999999999986 -0.70710678118654757 0 -0.70710678118654757 0 1 0 0.70710678118654757 0 -0.70710678118654757 
1 66.249999999999901 40.999999999999993 6.9999999999999991 -0.70710678118654757 0.70710678118654757 0 0 0 1 0.70710678118654757 0.70710678118654757 0 
1 67.249999999999915 44 6.9999999999999991 1 0 0 0 0 -1 0 1 0 
1 63.249999999999915 44 6.9999999999999991 0 1 0 0 0 1 1 0 0 
1 65.25 27 -20.499999999999986 -0.70710678118654757 0 -0.70710678118654757 0 1 0 0.70710678118654757 0 -0.70710678118654757 
1 66.250000000000014 49 6.9999999999999991 -0.70710678118654757 0.70710678118654757 0 0 0 1 0.70710678118654757 0.70710678118654757 0 
1 67.25 52 6.9999999999999991 1 0 0 0 0 -1 0 1 0 
1 70.25 30.5449885033755 -11.500000000000002 -0.68045109936727766 -0.73279349162629948 0 0.73279349162629948 -0.68045109936727766 0 0 0 1 
1 47.076913031082945 50.698214033473974 -11.500000000000002 -0.48115158662844454 -0.51816324713832529 -0.70710678118654569 -0.73279349162629948 0.68045109936727766 -8.3266726846886741e-17 0.4811515866284421 0.51816324713832251 -0.70710678118654946 
1 65.25 55 -13.500000000000004 0 -0.70710678118654513 -0.70710678118655002 1 0 0 0 -0.70710678118655002 0.70710678118654513 
